<?xml version="1.0"?>
<opencv_storage>
<camera_matrix type_id="opencv-matrix">
  <rows>3</rows>
  <cols>3</cols>
  <dt>d</dt>
  <data>
    1.7945749605295894e+03 0. 4.5450830602810520e+01 0.
    1.7614617561762063e+03 1.8578744938596770e+02 0. 0. 1.</data></camera_matrix>
<distortion_coefficients type_id="opencv-matrix">
  <rows>1</rows>
  <cols>5</cols>
  <dt>d</dt>
  <data>
    1.3090089871309932e-01 2.3750341632551115e+00
    -9.7554883290989994e-03 -5.4850054112757250e-02
    -1.0671846458197544e+01</data></distortion_coefficients>
</opencv_storage>
