<?xml version="1.0"?>
<opencv_storage>
<camera_matrix type_id="opencv-matrix">
  <rows>3</rows>
  <cols>3</cols>
  <dt>d</dt>
  <data>
    6.6658015501946682e+02 0. 3.2076321909321808e+02 0.
    6.6370753499897160e+02 2.0722614397953748e+02 0. 0. 1.</data></camera_matrix>
<distortion_coefficients type_id="opencv-matrix">
  <rows>1</rows>
  <cols>5</cols>
  <dt>d</dt>
  <data>
    3.7126109566858807e-02 4.0322488430166246e-02
    -3.3315459095700816e-03 -1.9223272524732421e-03
    -3.3953652204115792e-01</data></distortion_coefficients>
</opencv_storage>
