<?xml version="1.0"?>
<opencv_storage>
<camera_matrix type_id="opencv-matrix">
  <rows>3</rows>
  <cols>3</cols>
  <dt>d</dt>
  <data>
    5.9859136361944979e+02 0. 3.1642215767084895e+02 0.
    6.0171267856335953e+02 1.9013437362644211e+02 0. 0. 1.</data></camera_matrix>
<distortion_coefficients type_id="opencv-matrix">
  <rows>1</rows>
  <cols>5</cols>
  <dt>d</dt>
  <data>
    -5.0547308877067820e-02 4.1539955552259933e-01
    -2.4115631233350969e-02 -1.2210233250399855e-03
    -4.3264205921561727e-01</data></distortion_coefficients>
</opencv_storage>
