camera_matrix:
- - 523.1768079907163
  - 0.0
  - 338.07431529353937
- - 0.0
  - 522.8274971479464
  - 240.2693229058135
- - 0.0
  - 0.0
  - 1.0
dist_coefs:
- - -0.020016094820765384
  - -0.0003058737674246722
  - 0.004837006319191425
  - 0.0055014056364581405
  - 0.04964482628961374
